 x1 =        (5.00000000000000041E-006,0.99999999998750000)
 x2 =       (5.00000000000000041E-006,-0.99999999998750000)
