x1 =       0.5000000000000000      1.9364916731037085i
x2 =       0.5000000000000000     -1.9364916731037085i
