x1 =      -0.5000000000000000      0.8660254037844386i
x2 =      -0.5000000000000000     -0.8660254037844386i
 x =   4.2439915819305446E-314   0.0000000000000000     
